1403636579763555584.000000 0.000000000 0.000000000 0.000000000 0.000000000 0.000000000 0.000000000 1.000000000
1403636579813555456.000000 0.000030118 0.005477159 0.002426799 -0.001712559 -0.002692200 0.001163865 0.999994218
1403636579863555584.000000 0.000120053 0.012289494 0.004915599 0.000347566 -0.004933232 0.002894680 0.999983549
1403636580013555456.000000 -0.000466261 0.037128191 0.012573740 0.016529134 -0.005751557 0.001899107 0.999845028
1403636580213555456.000000 -0.001389655 0.071832508 0.022329025 0.026479894 -0.004931900 -0.002440879 0.999634206
1403636580363555584.000000 -0.002139451 0.092583597 0.026732644 0.038484775 -0.003892850 0.001382053 0.999250650
1403636580513555456.000000 -0.002970391 0.104960859 0.028207129 0.063048884 -0.003361340 0.003597018 0.997998297
1403636580713555456.000000 -0.004215433 0.085507721 0.022543345 0.067442246 -0.002154960 0.004129355 0.997712314
1403636584013555456.000000 0.004866653 0.094943270 0.027291670 0.063129313 -0.027559219 0.012732327 0.997543514
1403636584213555456.000000 0.002950823 0.086526863 0.024256444 0.063151009 -0.018046077 0.014237702 0.997739255
1403636585113555456.000000 -0.000620233 -0.061880291 -0.008489090 -0.016959406 -0.050217960 0.009188919 0.998552024
1403636586063555584.000000 0.005554957 0.040361483 0.002768083 0.107620165 -0.027313447 0.001637483 0.993815482
1403636586463555584.000000 0.001852371 0.038931083 -0.009797078 0.186212376 -0.044754222 -0.013922819 0.981390953
1403636586613555456.000000 0.004113457 0.038380362 -0.015023597 0.205336452 -0.041771024 -0.012357119 0.977721572
1403636587213555456.000000 0.016194178 0.033646952 -0.009045726 0.192666367 -0.025297372 -0.002120214 0.980935872
1403636587813555456.000000 0.075627260 0.027136341 0.002301693 0.185821831 -0.044445023 -0.022857405 0.981311560
1403636588063555584.000000 0.105626374 0.028287401 0.005609216 0.199775219 -0.064338833 -0.028993590 0.977297187
1403636588313555456.000000 0.121161819 0.030933207 0.007517830 0.203103766 -0.063577674 -0.031291347 0.976589799
1403636589013555456.000000 0.072072692 0.031889796 -0.001836676 0.199756816 -0.045720994 -0.027848743 0.978381932
1403636589813555456.000000 -0.058329996 0.036453746 -0.015171078 0.193703234 -0.010139696 -0.008555547 0.980970442
1403636590063555584.000000 -0.086689465 0.041117180 -0.017383996 0.198908821 0.010734826 -0.007002279 0.979934216
1403636590313555456.000000 -0.093144104 0.040607132 -0.019232342 0.189869687 0.017140593 -0.004226809 0.981650591
1403636590863555584.000000 -0.030127836 0.036290191 -0.021288496 0.193597600 -0.013286933 -0.006432290 0.980969965
1403636591163555584.000000 0.018445665 0.035212267 -0.016735585 0.196380764 -0.015245626 -0.012000239 0.980335772
1403636591463555584.000000 0.053240843 0.037761800 -0.010084636 0.201443776 -0.024141975 -0.018167898 0.979033947
1403636591713555456.000000 0.066817023 0.041210201 -0.001094516 0.171152189 -0.052957609 -0.019313261 0.983630717
1403636592013555456.000000 0.074195176 0.038510859 0.007926414 0.138576910 -0.082808942 -0.025867162 0.986544490
1403636592163555584.000000 0.081120841 0.036108304 0.017010042 0.149813712 -0.098025702 -0.037796009 0.983116627
1403636593663555584.000000 -0.055183038 0.050081849 -0.004409743 0.188517928 0.089436792 -0.002939641 0.977984369
1403636593963555584.000000 -0.018409299 0.063998669 -0.035876948 0.185357690 -0.009263643 -0.043457761 0.981665969
1403636594263555584.000000 0.041484393 0.063389480 -0.035239637 0.173245832 -0.110232599 -0.072569571 0.975996077
1403636594563555584.000000 0.094950445 0.050489068 0.003918532 0.156072706 -0.141386479 -0.062489983 0.975574791
1403636596163555584.000000 0.050432667 0.078684315 -0.026152605 0.172834083 -0.055406481 -0.018480483 0.983217657
1403636596513555456.000000 0.018006902 0.082280487 -0.071201868 0.159232840 -0.065409005 -0.023692235 0.984786928
1403636596713555456.000000 -0.003169280 0.083553635 -0.088191822 0.159902021 -0.062212262 -0.017085796 0.985022366
1403636597213555456.000000 0.010992593 0.067161538 -0.025320064 0.173581302 -0.049810313 0.001243007 0.983558297
1403636598213555456.000000 -0.012081739 0.062076408 0.003971778 0.164450377 0.072763905 0.052018844 0.982321501
1403636598563555584.000000 0.000597400 0.081139274 0.001232838 0.179280698 0.057939012 0.060726576 0.980211079
1403636598663555584.000000 0.004299423 0.081873454 0.012756474 0.163755640 0.066061944 0.059536099 0.982484281
1403636598963555584.000000 0.012816300 0.090669647 0.051645443 0.100352198 0.090803072 0.052342318 0.989416242
1403636599063555584.000000 0.014609953 0.095277593 0.061470404 0.083959773 0.093513437 0.050388012 0.990791142
1403636599213555456.000000 0.016028181 0.098996922 0.071617365 0.045411915 0.102947526 0.043291297 0.992706120
1403636599563555584.000000 0.017238650 0.105222277 0.088013858 0.002946791 0.087170921 0.034702282 0.995584428
1403636599863555584.000000 0.019061914 0.108897559 0.090647906 -0.016295349 0.083930686 0.030383278 0.995874941
1403636624313555456.000000 0.020705450 0.109333090 0.090314642 -0.016922241 0.081509970 0.019069130 0.996346414
1403636624613555456.000000 0.026697110 0.110434629 0.086800009 0.004788366 0.071860813 0.022544554 0.997148335
1403636624963555584.000000 0.044152170 0.111824714 0.074623667 0.018451171 0.058458388 0.062336989 0.996170819
1403636625313555456.000000 0.052039552 0.087065548 0.054164160 0.029969184 0.062895089 0.057643935 0.995903254
1403636626963555584.000000 0.049913965 -0.005015601 0.063741013 0.005328819 0.081479140 0.054494977 0.995169878
1403636627463555584.000000 0.066288225 -0.012291654 0.049521215 0.005103948 0.083375223 0.051363602 0.995180547
1403636627663555584.000000 0.073893987 -0.020997558 0.041712500 0.011472154 0.070860669 0.044842161 0.996411741
1403636627763555584.000000 0.078567974 -0.017906632 0.040336456 0.022276865 0.060203701 0.043553066 0.996986628
1403636627863555584.000000 0.083966829 -0.013264382 0.040297575 0.032937452 0.047027826 0.041517392 0.997486770
1403636628013555456.000000 0.090863265 -0.010659826 0.042345777 0.041256942 0.031688392 0.040587462 0.997820795
1403636628563555584.000000 0.111075252 -0.052512407 0.053463425 0.004566946 0.026866766 0.015197296 0.999513090
1403636629413555456.000000 0.187647030 -0.083515435 0.082766838 0.017417932 -0.026542176 0.008209399 0.999462247
1403636629813555456.000000 0.236788109 -0.076286860 0.116637856 0.032335822 -0.091497660 -0.017428758 0.995127559
1403636630163555584.000000 0.288630843 -0.074341737 0.161870897 0.023589890 -0.146034628 -0.031085350 0.988509536
1403636630513555456.000000 0.343563169 -0.101753905 0.202029020 0.013405484 -0.157153964 -0.028959915 0.987058401
1403636630863555584.000000 0.390401363 -0.132380843 0.240689427 0.018709023 -0.149645567 -0.022337683 0.988310277
1403636632113555456.000000 0.537574232 -0.164396495 0.414298177 0.011059232 -0.140575543 -0.012047859 0.989934862
1403636632763555584.000000 0.576969326 -0.168986395 0.503793478 0.031736568 -0.106355809 -0.029270472 0.993390381
1403636633163555584.000000 0.603869259 -0.186840415 0.566148818 0.017836709 -0.040989421 0.021163721 0.998776138
1403636633613555456.000000 0.631890178 -0.195105433 0.647721052 0.031735167 -0.024630239 0.012448738 0.999115229
1403636633813555456.000000 0.645112097 -0.200933188 0.688675642 0.031779941 -0.030009499 0.009058039 0.999003232
1403636634513555456.000000 0.708300591 -0.264644891 0.846277416 0.010040732 -0.033384357 0.014976475 0.999279916
1403636634863555584.000000 0.742357075 -0.287376910 0.928520858 0.011591994 -0.014451388 0.027418917 0.999452353
1403636635263555584.000000 0.773311734 -0.320891023 1.012065887 0.022520034 0.003688922 0.033283714 0.999185383
1403636635613555456.000000 0.796421766 -0.348314911 1.091949821 0.027260654 0.010367762 0.019952040 0.999375463
1403636635963555584.000000 0.824797750 -0.405047953 1.169646859 0.020409958 0.011544853 0.003938859 0.999717295
1403636636413555456.000000 0.880233884 -0.492641538 1.268862963 -0.001200278 0.002228083 0.031444255 0.999502301
1403636636713555456.000000 0.914069176 -0.535585344 1.332496166 -0.012936832 -0.004469136 0.050957773 0.998607039
1403636637313555456.000000 0.940350175 -0.551972330 1.433445930 0.015495825 0.007513209 0.034970168 0.999239981
1403636637763555584.000000 0.943550348 -0.585441172 1.494787097 0.021454066 0.013101926 0.034785379 0.999078572
1403636638013555456.000000 0.943739235 -0.619386435 1.525809169 0.011299520 0.015007769 0.034967296 0.999211848
1403636638313555456.000000 0.944586456 -0.630071342 1.570692778 0.006754833 0.017707124 0.032995798 0.999275804
1403636638463555584.000000 0.944377840 -0.627793014 1.594804287 0.033625882 0.022057276 0.019969109 0.998991489
1403636638863555584.000000 0.956061482 -0.641644359 1.669142246 0.029624447 0.020195870 0.029594464 0.998918772
1403636639313555456.000000 0.981284142 -0.683058858 1.764780402 0.024807837 0.029431861 0.005072913 0.999246001
1403636639763555584.000000 1.032454133 -0.682082295 1.882072926 0.007931713 0.019712603 0.040934112 0.998935878
1403636640563555584.000000 1.096041918 -0.733678520 2.039604187 0.004710611 0.054251168 0.050945088 0.997215748
1403636641213555456.000000 1.136940479 -0.753295362 2.132634640 0.006937613 0.057259396 0.053647876 0.996892750
1403636641613555456.000000 1.156118274 -0.750994563 2.184360027 0.006930986 0.057083797 0.044448927 0.997355342
1403636641913555456.000000 1.172496080 -0.762308717 2.212316513 0.004899010 0.053592641 0.048078369 0.997392774
1403636642763555584.000000 1.213788509 -0.783758581 2.261284351 0.019314207 -0.001405179 0.026310114 0.999466240
1403636643113555456.000000 1.229366899 -0.788325191 2.279792547 0.017801410 -0.001620759 0.022554688 0.999585807
1403636643713555456.000000 1.261948586 -0.807334006 2.316563845 0.036216866 0.002849114 0.024526287 0.999038875
1403636644013555456.000000 1.281066656 -0.833952069 2.344993591 0.048326027 0.002873882 0.029498428 0.998391807
1403636644263555584.000000 1.296493769 -0.848587990 2.385737419 0.035853010 0.005434768 0.021466656 0.999111712
1403636644563555584.000000 1.318931699 -0.856121957 2.449213982 0.002253331 0.014472166 -0.006819515 0.999869466
1403636645463555584.000000 1.438684344 -0.831378162 2.631343603 0.047147963 -0.004903575 0.025800480 0.998542607
1403636645713555456.000000 1.472149849 -0.841298461 2.697779417 0.037223574 -0.005559970 0.027717637 0.998907030
1403636645963555584.000000 1.500869155 -0.865631938 2.770963907 0.032748774 -0.005042899 0.022406993 0.999199688
1403636646213555456.000000 1.531867743 -0.906382442 2.843639374 0.014189608 -0.034419846 -0.003532426 0.999300480
1403636646463555584.000000 1.571843863 -0.940177083 2.916846514 -0.006748983 -0.097612314 -0.029800931 0.994755328
1403636646763555584.000000 1.623411775 -0.980478585 2.990349054 -0.008291107 -0.146656185 -0.030074388 0.988695502
1403636647063555584.000000 1.672755003 -1.028724670 3.043130875 -0.001895979 -0.157407075 -0.031510040 0.987029135
1403636647413555456.000000 1.728739142 -1.063055992 3.097380400 0.002274954 -0.152505472 -0.033928681 0.987717450
1403636647663555584.000000 1.768735409 -1.080127358 3.133452892 -0.013620081 -0.146298394 -0.039978914 0.988338470
1403636647913555456.000000 1.811802864 -1.094310999 3.157978535 -0.007044374 -0.158869252 -0.037587110 0.986558735
1403636648213555456.000000 1.868983746 -1.095144987 3.181715012 -0.005961071 -0.216881856 -0.055932987 0.974575937
1403636648513555456.000000 1.928668976 -1.079143286 3.197974682 -0.006352584 -0.294380575 -0.083634347 0.952000558
1403636648813555456.000000 1.983010769 -1.063538432 3.203370333 0.007944587 -0.340601772 -0.100271411 0.934811711
1403636649313555456.000000 2.068100214 -1.094176173 3.194062710 -0.003031095 -0.348599970 -0.091633268 0.932776630
1403636649613555456.000000 2.113831043 -1.135850906 3.182737112 -0.002723355 -0.339163929 -0.091113977 0.936300516
1403636649913555456.000000 2.154392719 -1.175408244 3.166685820 -0.013459438 -0.358116865 -0.094830163 0.928750992
1403636650213555456.000000 2.189094782 -1.184891701 3.147015333 -0.014703917 -0.383893371 -0.100636445 0.917759240
1403636650913555456.000000 2.251507759 -1.145186663 3.088891506 -0.001940843 -0.494784057 -0.144550264 0.856907368
1403636651163555584.000000 2.263629913 -1.144508839 3.062898159 -0.010467003 -0.498900980 -0.139382944 0.855313182
1403636651813555456.000000 2.269345522 -1.142822623 2.988428116 -0.018352324 -0.486169398 -0.144409522 0.861654460
1403636652113555456.000000 2.268127918 -1.115617633 2.947991371 -0.022881869 -0.532991588 -0.164336666 0.829692602
1403636652163555584.000000 2.266045332 -1.109646678 2.942709923 -0.018829154 -0.547229171 -0.167227060 0.819890738
1403636652413555456.000000 2.259444714 -1.071826577 2.899370193 0.004471928 -0.612869322 -0.200042486 0.764430642
1403636652663555584.000000 2.254252911 -1.042652965 2.856496811 0.019121513 -0.643381476 -0.225806028 0.731236160
1403636652713555456.000000 2.255435467 -1.040992618 2.847698927 0.023188528 -0.646851361 -0.226906732 0.727707982
1403636653963555584.000000 2.319471121 -1.001282454 2.649825573 -0.008711393 -0.642893374 -0.184838563 0.743267775
1403636654163555584.000000 2.319401264 -0.986981213 2.626784563 -0.012068386 -0.643334925 -0.192457452 0.740901232
1403636654513555456.000000 2.311796427 -0.976992607 2.582532883 -0.002989992 -0.680328369 -0.206563488 0.703189731
1403636654763555584.000000 2.299764633 -0.977798343 2.546952486 0.001469848 -0.705055237 -0.226457953 0.672020614
1403636655163555584.000000 2.281699181 -0.958770573 2.500971556 -0.010727897 -0.724821925 -0.216473415 0.653955162
1403636655263555584.000000 2.274641752 -0.952147007 2.492482185 -0.016244629 -0.726741910 -0.215606079 0.651994109
1403636655513555456.000000 2.251325607 -0.936612487 2.469964027 -0.022322726 -0.740335047 -0.220616937 0.634613156
1403636655963555584.000000 2.191644192 -0.892746031 2.428936243 -0.009830035 -0.772093654 -0.267156601 0.576543272
1403636656163555584.000000 2.166872025 -0.867462039 2.402607203 -0.008895017 -0.788232446 -0.271710664 0.552072287
1403636656363555584.000000 2.141968727 -0.855810165 2.372187853 -0.001924474 -0.794350803 -0.275257975 0.541512847
1403636656613555456.000000 2.114752769 -0.855289817 2.327635288 0.000906978 -0.795491874 -0.271796376 0.541588962
1403636656713555456.000000 2.105508089 -0.853977919 2.308664322 -0.006584597 -0.797628880 -0.261329710 0.543554544
1403636656913555456.000000 2.085976362 -0.846409023 2.273372889 -0.013983685 -0.800690591 -0.242759585 0.547509611
1403636657013555456.000000 2.074855566 -0.838404775 2.258058071 -0.017692110 -0.799860716 -0.240210578 0.549735069
1403636657213555456.000000 2.049193859 -0.820361376 2.232182026 -0.026088057 -0.796770036 -0.243246913 0.552546680
1403636657363555584.000000 2.025334358 -0.809143245 2.209849596 -0.023764502 -0.793253541 -0.252757639 0.553441584
1403636657463555584.000000 2.006810665 -0.801999509 2.196061134 -0.020683594 -0.789918542 -0.263345987 0.553398371
1403636657663555584.000000 1.970394135 -0.782914221 2.166176558 -0.015990004 -0.787115514 -0.272449315 0.553140938
1403636657763555584.000000 1.952548385 -0.771751583 2.150575876 -0.017405545 -0.788247943 -0.272670716 0.551373601
1403636658013555456.000000 1.907041073 -0.739060163 2.106918335 -0.022039320 -0.787636936 -0.287168473 0.544680297
1403636658263555584.000000 1.862324476 -0.716010749 2.048336029 -0.001561422 -0.795142591 -0.275890142 0.540028214
1403636658463555584.000000 1.829771280 -0.692557037 1.999954700 0.008485631 -0.797973335 -0.271946758 0.537783861
1403636658663555584.000000 1.802045107 -0.667306721 1.955623507 0.019727843 -0.801579356 -0.264088601 0.536039710
1403636658913555456.000000 1.776337385 -0.634404063 1.904441357 0.019137867 -0.807018340 -0.249109462 0.535069704
1403636659063555584.000000 1.764370799 -0.613678873 1.880120158 0.004503255 -0.807992816 -0.246855453 0.534967005
1403636659163555584.000000 1.756868362 -0.598388791 1.865921736 -0.000991801 -0.808561265 -0.244999811 0.534979284
1403636659313555456.000000 1.742151499 -0.575158715 1.847464085 -0.001853277 -0.807806432 -0.246061146 0.535629809
1403636659463555584.000000 1.726395369 -0.557241261 1.831244707 0.006868215 -0.804617047 -0.255492508 0.535973728
1403636659613555456.000000 1.711784601 -0.544173360 1.814052105 0.008163307 -0.804911196 -0.255253494 0.535627604
1403636659813555456.000000 1.695123196 -0.524704099 1.796174288 0.006079164 -0.808092654 -0.250707895 0.533005416
1403636660013555456.000000 1.677812457 -0.498901278 1.786309600 0.011729007 -0.807137549 -0.259012669 0.530380785
1403636660163555584.000000 1.667232037 -0.477263659 1.781132460 0.019090327 -0.804915726 -0.268710226 0.528716385
1403636660363555584.000000 1.656362295 -0.447959512 1.777212977 0.028871851 -0.801152408 -0.280570686 0.527827024
1403636660513555456.000000 1.654350519 -0.432366252 1.772979975 0.034897633 -0.798316777 -0.288366407 0.527557850
1403636660663555584.000000 1.659096837 -0.417478830 1.768706560 0.026699986 -0.804498196 -0.270267755 0.528228283
1403636660813555456.000000 1.668851614 -0.399856806 1.766366601 0.023823725 -0.811727524 -0.247241974 0.528585136
1403636661013555456.000000 1.682555318 -0.372477233 1.772211790 0.020297697 -0.814162850 -0.238232583 0.529123902
1403636661213555456.000000 1.697019100 -0.345257759 1.786814451 0.006576331 -0.812860727 -0.241885617 0.529816508
1403636661613555456.000000 1.716945887 -0.315523297 1.828049183 0.000599957 -0.809904397 -0.249759927 0.530730128
1403636661863555584.000000 1.722495794 -0.318673611 1.852537394 -0.015794385 -0.807365894 -0.252727926 0.532953560
1403636662213555456.000000 1.716792464 -0.341820896 1.881249428 -0.008951371 -0.808344066 -0.248480961 0.533626258
1403636662463555584.000000 1.705278754 -0.350390464 1.906038642 0.011236208 -0.808930337 -0.251813710 0.531126499
1403636662713555456.000000 1.696153402 -0.353658289 1.937239528 -0.003994513 -0.802439988 -0.274842352 0.529656291
1403636662913555456.000000 1.690343380 -0.348012060 1.961206913 -0.012594805 -0.800526381 -0.282329053 0.528478265
1403636663163555584.000000 1.683285952 -0.337024510 1.981840372 -0.015122550 -0.794171333 -0.301547319 0.527382612
1403636663313555456.000000 1.681462765 -0.330346107 1.985344291 0.008283098 -0.799169183 -0.290308058 0.526290059
1403636663713555456.000000 1.698286533 -0.293351501 1.993957996 0.047708772 -0.800045729 -0.285991251 0.525223553
1403636663913555456.000000 1.725824714 -0.278829247 1.998458385 0.057493299 -0.805861592 -0.262495130 0.527615368
1403636664113555456.000000 1.765664577 -0.276824921 2.009429216 0.049190398 -0.810694933 -0.240023568 0.531735599
1403636664313555456.000000 1.813403606 -0.285685807 2.028986216 0.023016721 -0.808578968 -0.237177864 0.537974894
1403636664613555456.000000 1.883008242 -0.274833322 2.079855680 0.001004974 -0.801345825 -0.237543449 0.549014568
1403636664963555584.000000 1.953561664 -0.279358625 2.147790432 0.004767953 -0.792311907 -0.242930874 0.559646010
1403636665113555456.000000 1.981371641 -0.291942179 2.176258564 0.010093104 -0.786236286 -0.255701423 0.562447667
1403636665263555584.000000 2.009040356 -0.304575592 2.202264547 0.000971225 -0.782597721 -0.260821879 0.565253735
1403636665663555584.000000 2.081874371 -0.345686555 2.266980648 0.017848050 -0.788907826 -0.246636376 0.562562346
1403636665963555584.000000 2.137118340 -0.386067688 2.320664883 -0.009511022 -0.791177928 -0.249610856 0.558248580
1403636666313555456.000000 2.190840244 -0.415810525 2.386336327 -0.013781099 -0.792942405 -0.247029811 0.556802154
1403636666963555584.000000 2.256841183 -0.464604139 2.494243145 -0.000303700 -0.773126543 -0.287340164 0.565429807
1403636667363555584.000000 2.303775787 -0.477755994 2.541776896 0.001162595 -0.787949145 -0.240702212 0.566742659
1403636667813555456.000000 2.351382256 -0.487278700 2.598583221 0.000853958 -0.777301073 -0.269321948 0.568566620
1403636668213555456.000000 2.400186300 -0.497166693 2.637145281 0.009121717 -0.782775998 -0.264688939 0.563132524
1403636668613555456.000000 2.459704161 -0.480620980 2.680483818 0.013267523 -0.790343225 -0.260007590 0.554596841
1403636669013555456.000000 2.528450012 -0.471982569 2.732414961 0.017656211 -0.800668418 -0.236302435 0.550253987
1403636669363555584.000000 2.586060524 -0.491975665 2.795418978 0.001422479 -0.800713480 -0.240620926 0.548595965
1403636669713555456.000000 2.632985115 -0.499013126 2.871269941 -0.014804878 -0.805930376 -0.219520956 0.549606740
1403636670113555456.000000 2.646579266 -0.530059576 2.963999748 -0.058908466 -0.783345103 -0.270733416 0.556420326
1403636671363555584.000000 2.351706743 -0.557622790 2.787728786 -0.051694624 -0.616794527 -0.220511496 0.753834784
1403636672463555584.000000 2.082697630 -0.517455697 2.286261082 0.085753269 -0.592913687 -0.159328207 0.784674644
1403636673013555456.000000 2.075773001 -0.472395658 2.214012623 0.028120952 -0.568663657 -0.167102769 0.804927051
1403636673663555584.000000 2.098591089 -0.468840420 2.206942558 0.048540134 -0.523692787 -0.154576361 0.836358666
1403636675513555456.000000 2.319283485 -0.476258039 2.512969494 0.034507010 -0.473921835 -0.121995039 0.871392310
1403636676663555584.000000 2.489889145 -0.502658367 2.817185402 0.025439085 -0.270870030 -0.051719949 0.960888803
1403636677113555456.000000 2.525097370 -0.543095112 2.945626497 0.014697356 -0.238455608 -0.053997133 0.969539702
1403636677563555584.000000 2.555549145 -0.556066751 3.073146343 -0.018421922 -0.211777121 -0.026305843 0.976790190
1403636678613555456.000000 2.571008205 -0.633939385 3.232093573 0.014018763 -0.000880588 0.024469236 0.999601901
1403636679513555456.000000 2.546268940 -0.659568667 3.314836979 0.000333977 0.207797498 0.093137406 0.973727643
1403636679863555584.000000 2.529569626 -0.685282648 3.320036888 -0.000190824 0.247685686 0.110743515 0.962490320
1403636680163555584.000000 2.519735336 -0.721175551 3.308320522 -0.018928435 0.237513751 0.145095453 0.960300088
1403636680463555584.000000 2.501490116 -0.740545511 3.279137373 -0.017950127 0.225199610 0.159663066 0.960973799
1403636680813555456.000000 2.454092741 -0.732684135 3.223078966 -0.000031473 0.225972801 0.132519379 0.965077698
1403636681563555584.000000 2.322039366 -0.681733012 3.107180119 0.004253766 0.234685838 0.112216964 0.965562940
1403636681763555584.000000 2.283358812 -0.670985699 3.077472687 0.001625082 0.235228404 0.118689224 0.964664638
1403636682063555584.000000 2.226457834 -0.657813907 3.026587963 0.001629660 0.241644666 0.114937797 0.963532329
1403636682263555584.000000 2.189056873 -0.652126670 2.988812447 0.008730052 0.244696751 0.111724414 0.963101745
1403636682613555456.000000 2.126033306 -0.634714961 2.927610397 0.008828066 0.240414560 0.114634119 0.963837087
1403636683063555584.000000 2.044003248 -0.611136556 2.843816042 -0.006716237 0.231678560 0.118391551 0.965537846
1403636683463555584.000000 1.972371578 -0.578989625 2.762338161 0.001974066 0.240581930 0.110299028 0.964339435
1403636683813555456.000000 1.911094069 -0.534923434 2.686960936 0.015129685 0.243967369 0.111764766 0.963202834
1403636684163555584.000000 1.852061868 -0.513389111 2.610884666 0.011683963 0.250284046 0.111194789 0.961694896
1403636684863555584.000000 1.756565452 -0.476603329 2.462007523 0.000621039 0.261022508 0.102511652 0.959874094
1403636685263555584.000000 1.722439051 -0.436581343 2.377912998 0.006191878 0.248522520 0.123073772 0.960755467
1403636685763555584.000000 1.674701929 -0.399376094 2.261363506 0.006921792 0.241618335 0.119214028 0.962995708
1403636686013555456.000000 1.645242453 -0.366449624 2.204883575 0.008030702 0.242247969 0.116945431 0.963107049
1403636686163555584.000000 1.627898097 -0.349367440 2.170972109 0.013524455 0.244274125 0.111932628 0.963129461
1403636686613555456.000000 1.576184988 -0.317627728 2.070311308 0.022418965 0.244075179 0.110591240 0.963168859
1403636687013555456.000000 1.531255841 -0.288482189 1.998704791 0.014417515 0.247846082 0.106372513 0.962834001
1403636687863555584.000000 1.459385157 -0.229644746 1.870844126 0.005827342 0.253587663 0.103523135 0.961739182
1403636688263555584.000000 1.439398408 -0.167144328 1.822089195 0.003207318 0.250253677 0.114875391 0.961335778
1403636688713555456.000000 1.415029407 -0.105005376 1.761961579 0.004286763 0.246865645 0.128144220 0.960530102
1403636689113555456.000000 1.380757093 -0.054121584 1.702529311 0.017539285 0.270003617 0.123679414 0.954721868
1403636689413555456.000000 1.346427441 -0.042227998 1.653174162 0.024638651 0.284624666 0.124802195 0.950161099
1403636689763555584.000000 1.304051161 -0.054391369 1.602876425 0.044102497 0.291562527 0.115438983 0.948535800
1403636690113555456.000000 1.263167262 -0.065077901 1.581845045 0.044628162 0.290654421 0.102822125 0.950239956
1403636690563555584.000000 1.218399525 -0.094276257 1.594922304 0.037201438 0.284640372 0.111313567 0.951422751
1403636690963555584.000000 1.188403368 -0.104483865 1.643038273 0.019044951 0.304135501 0.052383564 0.950996757
1403636691163555584.000000 1.195703864 -0.110615775 1.677797675 -0.012791977 0.307934791 0.047056213 0.950156987
1403636691413555456.000000 1.233871460 -0.129241854 1.713571310 -0.026351681 0.297001064 0.093442664 0.949928641
1403636691863555584.000000 1.335090041 -0.187326640 1.744492769 0.005011832 0.293805480 0.126842648 0.947398663
1403636692363555584.000000 1.451266527 -0.242361948 1.766035557 0.002350474 0.293131381 0.122778513 0.948152900
1403636692913555456.000000 1.567842126 -0.337733984 1.754720926 0.010699023 0.273040056 0.161098346 0.948357522
1403636693513555456.000000 1.636449099 -0.397474647 1.737358570 0.046445679 0.286213845 0.135024056 0.947466612
1403636694063555584.000000 1.647811174 -0.423843533 1.772285461 0.010957285 0.293721437 0.124906428 0.947631776
1403636694813555456.000000 1.649372458 -0.454119444 1.830392838 0.011809075 0.292337120 0.125111654 0.948022485
1403636695563555584.000000 1.664465666 -0.472359359 1.894003630 0.008717131 0.281115711 0.126283541 0.951288819
1403636696863555584.000000 1.672864556 -0.461818874 1.960463762 0.002875228 0.273758620 0.118641257 0.954448640
1403636697213555456.000000 1.674316049 -0.450552911 1.956113696 -0.008645339 0.260176152 0.154271916 0.953117967
1403636697713555456.000000 1.641087532 -0.469270110 1.902007103 0.012389646 0.247003466 0.125777349 0.960737109
1403636698163555584.000000 1.596717834 -0.465367496 1.853800058 0.014345809 0.180227697 0.097545490 0.978671074
1403636699813555456.000000 1.412811160 -0.367263973 1.752218723 0.016655248 -0.200046107 -0.072083771 0.976989329
1403636701013555456.000000 1.459688187 -0.243823022 1.715079069 0.011435345 -0.292815596 -0.086078905 0.952217758
1403636702263555584.000000 1.578563333 -0.220456257 1.667757392 0.006840121 -0.357958734 -0.108738624 0.927358985
1403636703463555584.000000 1.722892404 -0.105943128 1.719788671 -0.001539995 -0.386636645 -0.122213170 0.914097190
1403636704513555456.000000 1.871073127 -0.093289733 1.744565606 0.026057238 -0.378080964 -0.111354247 0.918681681
1403636705563555584.000000 2.066849947 -0.101760179 1.874985456 0.031681143 -0.374701411 -0.100386523 0.921150208
1403636706313555456.000000 2.225668430 -0.131944984 2.038753033 0.002457945 -0.368418306 -0.103640847 0.923861742
1403636707063555584.000000 2.373667717 -0.169475883 2.189579725 0.024962630 -0.376424342 -0.096106082 0.921110868
1403636708263555584.000000 2.587039232 -0.313382030 2.507025242 0.010057247 -0.373881668 -0.108554997 0.921046793
1403636708913555456.000000 2.724668026 -0.330469370 2.671617985 -0.001622497 -0.384400040 -0.089227766 0.918842971
1403636709513555456.000000 2.803694248 -0.364820957 2.788960457 0.011915562 -0.397593021 -0.089574441 0.913101435
1403636710113555456.000000 2.830610991 -0.393599719 2.923127651 0.012805959 -0.389296949 -0.087247111 0.916881621
1403636710663555584.000000 2.821669579 -0.407063127 3.066004753 -0.004688409 -0.337856531 -0.110981174 0.934619784
1403636711263555584.000000 2.808766842 -0.407959044 3.188550711 0.005333905 -0.272965461 -0.042940188 0.961050212
1403636712913555456.000000 2.551490784 -0.536538720 3.259775877 -0.019677976 -0.210816979 -0.034387209 0.976722300
1403636713563555584.000000 2.397894382 -0.571801245 3.176797390 -0.006147839 -0.204113245 -0.047798999 0.977760315
1403636714263555584.000000 2.260866880 -0.585277498 3.051211357 0.000047184 -0.216286749 -0.056557212 0.974690378
1403636714963555584.000000 2.167563438 -0.550763965 2.932378531 0.030139145 -0.136526883 -0.022164885 0.989929676
1403636717363555584.000000 2.054244995 -0.498971611 2.633226633 0.007530652 0.008217854 0.047811728 0.998794198
1403636718463555584.000000 1.929421782 -0.425372958 2.449462652 0.013720396 0.119870633 0.067753300 0.990379870
1403636719213555456.000000 1.824750900 -0.342242539 2.355277300 0.001278554 0.169090316 0.086753845 0.981774211
1403636719913555456.000000 1.752233386 -0.283789754 2.249253750 0.010876784 0.157889172 0.072094701 0.984761417
1403636720613555456.000000 1.709737539 -0.226321802 2.154572248 0.016738001 0.157925814 0.070319951 0.984801710
1403636721313555456.000000 1.698293090 -0.195448279 2.087131262 0.004177569 0.088597625 0.041479070 0.995194733
1403636722163555584.000000 1.715166688 -0.158413753 2.002055883 0.004942057 0.037804376 0.045965869 0.998215199
1403636723763555584.000000 1.696724057 -0.106321096 1.809012294 -0.005848694 -0.012071443 0.024270350 0.999615431
1403636725013555456.000000 1.648585796 -0.081111342 1.658925891 0.011447102 -0.118070364 -0.020097464 0.992735863
1403636728263555584.000000 1.567469001 -0.233230799 1.349732876 -0.000085546 -0.097146191 0.002579713 0.995266795
1403636728713555456.000000 1.524996638 -0.226587221 1.297842026 0.000904543 -0.082507186 -0.010263776 0.996537209
1403636729213555456.000000 1.480409503 -0.217800498 1.231297731 -0.001958130 -0.035996050 0.024511093 0.999049366
1403636729463555584.000000 1.455586672 -0.203028068 1.196125150 -0.001550583 -0.029396821 0.023775462 0.999283791
1403636729663555584.000000 1.434021711 -0.195962489 1.164530396 0.000420703 -0.028118178 0.023113634 0.999337256
1403636730813555456.000000 1.312389612 -0.149971738 0.996431112 0.034420006 -0.024672730 0.018409239 0.998933256
1403636731963555584.000000 1.263269186 -0.131308556 0.946958899 0.007068012 -0.025390899 0.009947449 0.999603093
1403636733213555456.000000 1.239102960 -0.070673369 0.844557405 -0.002502363 -0.025219405 0.032116011 0.999162793
1403636734363555584.000000 1.118667245 -0.059218440 0.648025692 0.006021610 -0.018326219 0.023332918 0.999541640
1403636735563555584.000000 0.987976372 -0.038278021 0.492217362 0.018162142 -0.018182959 0.014810588 0.999559999
1403636736713555456.000000 0.897901952 -0.085929960 0.410745263 0.002983846 0.020939199 0.053887226 0.998323023
1403636737713555456.000000 0.773389816 -0.053855501 0.357945114 0.022134792 0.047170758 0.033423685 0.998082101
1403636739213555456.000000 0.752364933 -0.094274029 0.325499266 0.007745116 -0.112494372 -0.037369490 0.992919207
1403636740163555584.000000 0.828509450 -0.043870769 0.346503913 0.008277203 -0.243701905 -0.057237033 0.968124390
1403636741113555456.000000 0.884824753 0.048489019 0.366178751 0.002158174 -0.236221492 -0.035367049 0.971053004
1403636741963555584.000000 0.913595319 0.155563727 0.375217050 0.015697947 -0.253950745 -0.055511534 0.965495229
1403636743113555456.000000 0.952585220 0.217648536 0.426299781 0.015109926 -0.238288209 -0.066329032 0.968809009
1403636743863555584.000000 1.016229987 0.257473588 0.505341530 0.011302550 -0.262201667 -0.070255406 0.962385952
1403636744613555456.000000 1.090144157 0.365694910 0.629159391 -0.013679192 -0.286087632 -0.098406062 0.953038812
1403636745163555584.000000 1.141516447 0.473713040 0.690705061 0.010055471 -0.283819556 -0.082594544 0.955260932
1403636745813555456.000000 1.195414901 0.507129908 0.728285909 -0.005474114 -0.289669514 -0.068188630 0.954678953
1403636747913555456.000000 1.130069613 0.364010572 0.790516853 0.007614958 -0.309696019 -0.087342449 0.946784914
1403636748963555584.000000 1.120160580 0.251429319 0.842936575 -0.005800536 -0.315840274 -0.106541164 0.942793846
1403636750163555584.000000 1.150160432 0.171621233 0.836159050 -0.017826367 -0.322301477 -0.076415382 0.943379402
1403636751713555456.000000 1.045250416 -0.027186446 0.717939198 0.004093654 -0.287759453 -0.099134110 0.952549279
1403636752313555456.000000 1.041577816 -0.092638209 0.694560885 0.006293566 -0.270202637 -0.069572277 0.960265934
1403636753513555456.000000 1.023576975 -0.159769371 0.669207394 0.008895232 -0.025395628 0.037282847 0.998942375
1403636754913555456.000000 0.878253698 -0.165906504 0.604232788 -0.003427568 0.034361050 0.054576445 0.997912288
1403636756013555456.000000 0.682868838 -0.130412132 0.470281422 0.007497221 0.055604380 0.053928245 0.996967256
1403636756963555584.000000 0.489840031 -0.102148250 0.343138844 -0.001763881 0.063525215 0.053807747 0.996527016
1403636757963555584.000000 0.282731622 -0.064110272 0.164656043 0.038307399 0.093550585 0.068503179 0.992516100
1403636758813555456.000000 0.099245884 -0.051787335 0.077825718 0.031042645 0.108512729 0.039783992 0.992813468
1403636760313555456.000000 0.019643683 0.042235654 0.054917250 0.009702492 0.106523037 0.055627171 0.992705584
1403636761013555456.000000 0.016832940 0.085851595 0.039472841 0.012682468 0.103119597 0.073426172 0.991874039
1403636761713555456.000000 -0.019175973 0.102004297 0.040122513 0.006229989 0.108686656 0.054642029 0.992553592
1403636762513555456.000000 -0.052342303 0.093460731 0.040330213 0.035642691 0.102720924 0.055409241 0.992525995
